auc
0.8787878787878788
